2.9893459913e-03
1.4444254718e-02
6.1551608087e-04
9.0287393491e-04
7.4749582003e-04
6.1425539086e-04
5.3796975760e-04
4.5777552240e-04
4.6544459137e-04
1.4423420156e-03
6.5248654837e-04
2.1313495346e-02
6.8759877114e-03
6.2554836495e-04
6.2148236963e-04
5.7153852238e-04
5.3654241579e-04
4.9155800268e-04
4.4297591666e-04
5.2095275708e-04
3.9570467051e-04
4.6384133933e-04
4.6078605632e-04
4.3929337479e-04
5.0534303842e-04
5.4697975634e-04
4.7034230262e-04
4.4520797064e-04
5.1541852853e-04
5.1268651915e-04
4.3417268961e-04
4.7142708240e-04
4.9027030890e-04
4.5050070838e-04
4.7856610606e-04
5.4766102273e-04
4.4567706460e-04
6.4277136562e-04
4.9234188337e-04
5.2706872385e-04
5.1308308872e-04
4.9016615153e-04
5.7391099593e-04
7.4009293102e-04
5.4618816029e-04
5.1228069116e-04
4.9338731480e-04
4.9484320345e-04
5.8215485930e-04
5.6834436287e-04
4.7124037066e-04
5.4833611683e-04
5.3702153972e-04
4.5809185221e-04
6.0013319383e-04
5.0799403651e-04
5.8076609430e-04
6.0070413055e-04
6.5110704179e-04
5.2464532892e-04
5.3545377834e-04
5.4348238314e-04
4.6559504091e-04
6.0891173173e-04
